:0
3
2
8
9
17
43
72
104
139
177
217
260
289
314
313
288
259
216
176
138
103
71
42
16
15
41
70
102
137
175
215
258
257
214
174
136
101
69
40
39
68
100
135
173
213
256
255
212
172
134
99
67
38
37
66
98
133
171
211
254
253
210
170
132
97
65
36
35
64
96
131
169
209
252
251
208
168
130
95
63
34
33
62
94
129
167
207
250
249
206
166
128
93
61
32
31
60
92
127
165
205
248
247
204
164
126
91
59
30
29
58
90
125
163
203
246
245
202
162
124
89
57
28
27
56
88
123
161
201
244
243
200
160
122
87
55
26
25
54
86
121
159
199
242
241
198
158
120
85
53
24
23
52
84
119
157
197
240
239
196
156
118
83
51
22
14
13
7
1
0
6
12
21
50
82
117
155
195
238
284
285
310
309
332
333
349
348
359
370
382
399
400
383
371
360
372
384
401
402
425
424
423
450
451
452
474
473
490
491
475
453
426
427
454
476
492
493
477
455
428
429
456
478
494
479
457
430
403
385
404
431
458
432
405
386
373
361
350
334
311
286
287
312
335
351
362
363
375
374
387
406
407
388
389
408
434
433
459
460
435
409
410
436
461
480
481
462
437
411
412
438
463
482
483
464
439
413
414
440
465
484
485
466
441
442
467
468
487
486
495
496
502
501
511
512
521
520
510
509
519
518
508
507
517
:1
499
500
505
506
516
515
526
527
535
534
533
532
540
541
542
543
544
556
585
584
555
554
553
552
551
580
581
582
583
612
611
610
609
636
637
638
639
666
665
664
663
690
691
692
693
721
720
719
718
749
750
751
752
766
765
764
763
779
780
781
782
783
784
785
786
812
811
810
809
808
807
806
805
804
832
833
834
835
836
837
838
839
840
841
878
877
876
875
874
873
872
871
870
869
868
906
907
908
909
910
911
912
913
914
915
916
955
954
953
952
951
950
949
948
947
946
978
979
980
981
982
983
984
985
986
987
988
956
917
879
842
813
787
767
753
722
694
723
754
768
788
814
843
880
918
957
989
990
958
919
881
844
815
789
769
790
816
845
882
920
959
991
992
960
921
883
846
817
791
792
818
847
884
922
961
993
994
962
923
885
848
819
793
794
820
849
886
924
963
995
996
964
925
887
850
821
795
770
755
724
725
756
771
772
797
796
822
851
888
926
965
997
998
966
927
889
852
823
853
890
928
967
999
1013
:2
4
5
11
10
18
44
73
105
140
178
218
261
290
315
316
291
262
219
179
141
106
74
45
19
20
46
75
107
142
180
220
263
264
221
181
143
108
109
77
76
47
48
49
78
110
145
144
182
222
265
266
223
183
184
146
111
79
80
81
113
112
147
148
186
185
225
224
267
292
293
268
269
226
227
187
149
114
115
116
151
150
188
189
229
228
271
270
295
294
317
318
319
296
297
272
273
230
190
152
153
154
192
191
231
232
275
274
299
298
321
320
336
337
338
322
323
300
301
276
233
193
194
234
235
236
237
280
281
282
283
308
307
306
305
304
279
278
277
302
303
326
327
328
329
330
331
347
346
345
358
357
344
343
356
355
342
341
325
324
340
339
352
353
354
369
368
367
366
381
380
365
364
379
398
397
378
377
396
376
395
422
421
394
393
392
419
420
449
448
418
417
447
446
445
444
416
391
390
415
443
469
488
497
503
513
514
504
498
489
470
471
472
:3
537
529
523
522
528
536
545
557
586
613
640
667
695
726
757
773
798
824
854
891
929
968
1000
1014
1032
1033
1034
1035
1036
1037
1038
1039
1021
1020
1019
1018
1017
1016
1015
1001
1002
1003
1004
1005
972
971
970
969
930
931
932
893
892
855
825
799
774
758
727
696
668
641
614
587
558
546
547
559
588
615
642
669
697
728
729
698
670
643
616
589
560
561
590
617
644
671
699
730
731
700
672
645
618
591
562
563
592
619
646
673
701
732
733
702
674
647
620
593
564
565
594
621
648
675
703
734
735
704
676
649
622
595
566
567
596
623
650
677
705
736
759
775
800
827
826
858
896
895
857
856
894
933
934
935
936
897
859
860
898
937
938
939
940
941
902
864
863
901
900
899
861
862
829
828
801
776
760
737
706
678
651
624
597
568
569
598
625
652
679
707
738
739
708
680
653
626
599
570
571
600
627
654
681
709
740
741
710
682
655
628
601
572
573
602
629
656
683
711
742
743
712
684
657
630
603
574
575
604
631
658
685
713
744
745
714
686
659
632
605
576
548
577
606
633
660
687
688
661
634
607
578
549
538
530
524
525
531
539
550
579
608
635
662
689
717
716
715
746
747
748
762
761
777
778
803
802
830
831
867
866
865
903
904
905
945
944
943
942
973
974
975
976
977
1012
1011
1010
1009
1008
1007
1006
1025
1026
1027
1028
1029
1030
1031
1049
1048
1047
1046
1045
1044
1043
1042
1041
1040
1022
1023
1024
:4
:5
:6
:7
:8
:9
:10
:11
:12
:13
:14
:15
